78
26
14
8
48
27
15
41
79
19
57
30
6
53
84
52
84
75
81
39
92
51
86
45
36
75
72
71
42
95
71
5
90
9
15
40
43
67
52
97
40
57
99
21
27
97
56
5
53
45
76
95
5
0
72
62
31
2
53
8
45
46
92
34
40
74
54
89
10
67
0
52
81
62
92
73
93
26
56
91
58
71
88
62
67
64
31
33
75
6
44
76
58
10
87
25
82
94
7
23
89
0
47
75
22
94
61
31
11
61
35
24
1
5
44
60
27
7
59
92
30
12
79
41
18
94
84
10
95
84
11
46
95
81
85
72
15
18
52
11
9
39
62
21
73
32
68
40
40
57
16
81
34
47
36
73
21
42
10
89
27
20
89
69
0
80
49
77
56
37
95
76
20
58
33
15
53
99
73
87
87
34
73
75
5
7
19
64
33
93
98
50
89
55
13
68
18
36
76
25
53
4
34
87
16
87
35
45
43
51
58
8
44
45
83
74
62
89
98
80
85
61
40
90
87
13
27
89
78
76
87
8
43
22
68
16
12
90
58
95
62
15
43
76
74
4
54
14
0
56
55
35
3
28
56
19
56
76
64
22
74
90
63
54
48
43
1
30
61
30
12
5
62
28
4
23
57
37
14
27
57
85
45
93
47
11
93
39
84
11
75
19
22
40
55
32
69
12
97
94
62
73
66
71
39
60
34
81
74
81
27
46
96
95
0
24
86
6
93
81
87
7
56
14
58
43
57
84
34
85
56
88
12
54
55
30
52
6
8
21
93
81
32
81
61
87
89
5
4
90
42
69
21
30
92
1
48
32
30
40
88
12
91
3
38
84
33
72
67
35
22
0
25
95
58
62
47
52
47
83
64
92
37
11
57
92
22
28
75
33
50
11
57
91
5
84
41
53
50
95
79
77
53
41
42
84
1
48
16
98
90
0
7
51
41
7
25
11
50
5
61
39
81
49
34
30
50
19
49
31
43
34
24
88
67
81
6
36
20
39
55
78
47
9
0
22
0
26
36
99